{
  "task": "Task 1.3: FFN Gate Specialization & Cross-Layer Similarity",
  "timestamp": "2025-10-08T20:22:47.355Z",
  "model": "Meta Llama 3.1 8B Instruct",
  "similarityMatrix": [
    [
      1,
      0.9999999999996332,
      0.9999999999987833,
      0.9999999999995214,
      0.9999999999993037,
      0.999999999999137,
      0.9999999999992665,
      0.999999999999025,
      0.9999999999988183,
      0.9999999999982598,
      0.9999999999989017,
      0.9999999999985577,
      0.9999999999969559,
      0.9999999999972893,
      0.9999999999962887,
      0.9999999999978331,
      0.9999999999984654,
      0.9999999999983542,
      0.9999999999993118,
      0.9999999999994856,
      0.9999999999995149,
      0.9999999999997282,
      0.9999999999993127,
      0.9999999999991775,
      0.9999999999991308,
      0.9999999999992406,
      0.9999999999994882,
      0.9999999999992266,
      0.9999999999988203,
      0.9999999999975651,
      0.99999999999527,
      0.9999999999938379
    ],
    [
      0.9999999999996332,
      1.0000000000000002,
      0.9999999999996403,
      0.9999999999997676,
      0.9999999999991563,
      0.9999999999994023,
      0.9999999999991253,
      0.9999999999985356,
      0.9999999999980961,
      0.9999999999969991,
      0.9999999999981092,
      0.9999999999972982,
      0.9999999999946961,
      0.9999999999949442,
      0.9999999999936169,
      0.9999999999957747,
      0.999999999997057,
      0.9999999999968537,
      0.9999999999985207,
      0.9999999999990363,
      0.9999999999993702,
      0.9999999999994753,
      0.9999999999996513,
      0.9999999999996306,
      0.9999999999996272,
      0.9999999999996049,
      0.999999999999272,
      0.9999999999986358,
      0.9999999999977063,
      0.9999999999957755,
      0.9999999999927959,
      0.9999999999908736
    ],
    [
      0.9999999999987833,
      0.9999999999996403,
      1,
      0.9999999999997445,
      0.9999999999991735,
      0.9999999999996547,
      0.9999999999991653,
      0.9999999999984726,
      0.9999999999979342,
      0.9999999999965172,
      0.9999999999978478,
      0.999999999996689,
      0.9999999999932632,
      0.9999999999929406,
      0.9999999999914786,
      0.9999999999942013,
      0.9999999999962979,
      0.9999999999960206,
      0.9999999999980523,
      0.9999999999987624,
      0.9999999999992627,
      0.9999999999991546,
      0.9999999999997947,
      0.9999999999998627,
      0.9999999999998862,
      0.9999999999997999,
      0.9999999999991459,
      0.9999999999983962,
      0.9999999999971463,
      0.9999999999948813,
      0.9999999999916896,
      0.9999999999893899
    ],
    [
      0.9999999999995214,
      0.9999999999997676,
      0.9999999999997445,
      0.9999999999999999,
      0.9999999999997767,
      0.9999999999999115,
      0.9999999999997647,
      0.9999999999993705,
      0.9999999999990301,
      0.9999999999980647,
      0.9999999999989987,
      0.9999999999982268,
      0.9999999999956247,
      0.9999999999953394,
      0.9999999999941555,
      0.9999999999963766,
      0.9999999999979566,
      0.999999999997755,
      0.9999999999991881,
      0.9999999999996114,
      0.9999999999998553,
      0.9999999999998284,
      0.99999999999998,
      0.9999999999999533,
      0.9999999999999404,
      0.9999999999999658,
      0.9999999999998,
      0.9999999999993716,
      0.9999999999985599,
      0.9999999999968655,
      0.9999999999942605,
      0.999999999992366
    ],
    [
      0.9999999999993037,
      0.9999999999991563,
      0.9999999999991735,
      0.9999999999997767,
      1,
      0.9999999999998817,
      0.9999999999999996,
      0.999999999999892,
      0.9999999999997207,
      0.9999999999990762,
      0.9999999999996864,
      0.9999999999991384,
      0.9999999999969532,
      0.9999999999963166,
      0.9999999999953727,
      0.9999999999973838,
      0.999999999998909,
      0.9999999999987473,
      0.9999999999997138,
      0.9999999999999277,
      0.9999999999999796,
      0.9999999999999012,
      0.9999999999997887,
      0.9999999999997095,
      0.9999999999996714,
      0.9999999999997866,
      0.9999999999999847,
      0.9999999999998639,
      0.9999999999993561,
      0.9999999999981153,
      0.9999999999960678,
      0.9999999999943987
    ],
    [
      0.999999999999137,
      0.9999999999994023,
      0.9999999999996547,
      0.9999999999999115,
      0.9999999999998817,
      0.9999999999999999,
      0.9999999999998825,
      0.9999999999995658,
      0.9999999999992576,
      0.9999999999983055,
      0.9999999999991892,
      0.9999999999983816,
      0.9999999999956498,
      0.999999999995018,
      0.9999999999938817,
      0.9999999999962221,
      0.9999999999980739,
      0.9999999999978617,
      0.9999999999992389,
      0.9999999999996486,
      0.9999999999998758,
      0.9999999999997513,
      0.9999999999999645,
      0.9999999999999485,
      0.999999999999935,
      0.9999999999999736,
      0.9999999999998378,
      0.9999999999994917,
      0.9999999999986864,
      0.9999999999970532,
      0.999999999994595,
      0.9999999999926549
    ],
    [
      0.9999999999992665,
      0.9999999999991253,
      0.9999999999991653,
      0.9999999999997647,
      0.9999999999999996,
      0.9999999999998825,
      1.0000000000000002,
      0.9999999999998961,
      0.9999999999997256,
      0.9999999999990788,
      0.9999999999996882,
      0.9999999999991344,
      0.999999999996934,
      0.9999999999962716,
      0.9999999999953292,
      0.9999999999973525,
      0.9999999999989015,
      0.9999999999987386,
      0.9999999999997055,
      0.9999999999999203,
      0.9999999999999729,
      0.9999999999998871,
      0.9999999999997826,
      0.9999999999997048,
      0.999999999999667,
      0.9999999999997825,
      0.999999999999979,
      0.9999999999998616,
      0.9999999999993513,
      0.9999999999981104,
      0.9999999999960694,
      0.9999999999943938
    ],
    [
      0.999999999999025,
      0.9999999999985356,
      0.9999999999984726,
      0.9999999999993705,
      0.999999999999892,
      0.9999999999995658,
      0.9999999999998961,
      0.9999999999999999,
      0.9999999999999588,
      0.9999999999995812,
      0.9999999999999374,
      0.9999999999995938,
      0.999999999997817,
      0.9999999999970257,
      0.9999999999962661,
      0.9999999999980489,
      0.999999999999415,
      0.9999999999992913,
      0.9999999999998849,
      0.999999999999927,
      0.9999999999998224,
      0.9999999999997417,
      0.9999999999993792,
      0.9999999999992508,
      0.9999999999991918,
      0.9999999999993778,
      0.9999999999998719,
      0.9999999999999778,
      0.9999999999997254,
      0.9999999999988444,
      0.9999999999972091,
      0.9999999999957502
    ],
    [
      0.9999999999988183,
      0.9999999999980961,
      0.9999999999979342,
      0.9999999999990301,
      0.9999999999997207,
      0.9999999999992576,
      0.9999999999997256,
      0.9999999999999588,
      1,
      0.9999999999997997,
      0.999999999999993,
      0.9999999999997929,
      0.9999999999983117,
      0.999999999997473,
      0.9999999999968291,
      0.9999999999984396,
      0.9999999999996543,
      0.9999999999995579,
      0.9999999999999101,
      0.9999999999998385,
      0.9999999999996323,
      0.9999999999995651,
      0.9999999999990244,
      0.9999999999988616,
      0.9999999999987883,
      0.9999999999990198,
      0.9999999999997083,
      0.9999999999999531,
      0.9999999999998715,
      0.9999999999992223,
      0.9999999999978402,
      0.9999999999965297
    ],
    [
      0.9999999999982598,
      0.9999999999969991,
      0.9999999999965172,
      0.9999999999980647,
      0.9999999999990762,
      0.9999999999983055,
      0.9999999999990788,
      0.9999999999995812,
      0.9999999999997997,
      1,
      0.9999999999998388,
      0.9999999999999789,
      0.9999999999992173,
      0.9999999999983882,
      0.9999999999979934,
      0.9999999999991683,
      0.9999999999999444,
      0.9999999999999145,
      0.9999999999997331,
      0.999999999999407,
      0.9999999999989729,
      0.9999999999989705,
      0.9999999999980024,
      0.9999999999977564,
      0.9999999999976505,
      0.9999999999979821,
      0.9999999999991044,
      0.9999999999996391,
      0.9999999999999456,
      0.9999999999998052,
      0.9999999999989517,
      0.9999999999979969
    ],
    [
      0.9999999999989017,
      0.9999999999981092,
      0.9999999999978478,
      0.9999999999989987,
      0.9999999999996864,
      0.9999999999991892,
      0.9999999999996882,
      0.9999999999999374,
      0.999999999999993,
      0.9999999999998388,
      1,
      0.9999999999998493,
      0.9999999999984843,
      0.9999999999977225,
      0.9999999999970988,
      0.9999999999986298,
      0.9999999999997314,
      0.9999999999996456,
      0.9999999999999447,
      0.999999999999845,
      0.9999999999996145,
      0.9999999999995766,
      0.9999999999989705,
      0.999999999998795,
      0.9999999999987178,
      0.9999999999989587,
      0.9999999999996936,
      0.9999999999999559,
      0.9999999999999206,
      0.99999999999932,
      0.9999999999979706,
      0.9999999999967134
    ],
    [
      0.9999999999985577,
      0.9999999999972982,
      0.999999999996689,
      0.9999999999982268,
      0.9999999999991384,
      0.9999999999983816,
      0.9999999999991344,
      0.9999999999995938,
      0.9999999999997929,
      0.9999999999999789,
      0.9999999999998493,
      1,
      0.9999999999992869,
      0.9999999999986259,
      0.9999999999982028,
      0.9999999999993286,
      0.9999999999999817,
      0.9999999999999555,
      0.9999999999998119,
      0.9999999999994975,
      0.9999999999990761,
      0.9999999999991197,
      0.9999999999981302,
      0.9999999999978805,
      0.9999999999977758,
      0.999999999998099,
      0.9999999999991981,
      0.9999999999996869,
      0.9999999999999827,
      0.9999999999998022,
      0.9999999999988671,
      0.9999999999979273
    ],
    [
      0.9999999999969559,
      0.9999999999946961,
      0.9999999999932632,
      0.9999999999956247,
      0.9999999999969532,
      0.9999999999956498,
      0.999999999996934,
      0.999999999997817,
      0.9999999999983117,
      0.9999999999992173,
      0.9999999999984843,
      0.9999999999992869,
      1,
      0.9999999999996586,
      0.9999999999996483,
      0.9999999999998752,
      0.9999999999994917,
      0.9999999999995957,
      0.9999999999985271,
      0.99999999999776,
      0.9999999999969378,
      0.9999999999971845,
      0.9999999999953607,
      0.9999999999949497,
      0.9999999999947867,
      0.9999999999952804,
      0.9999999999971455,
      0.9999999999980915,
      0.99999999999909,
      0.999999999999785,
      0.999999999999687,
      0.999999999999436
    ],
    [
      0.9999999999972893,
      0.9999999999949442,
      0.9999999999929406,
      0.9999999999953394,
      0.9999999999963166,
      0.999999999995018,
      0.9999999999962716,
      0.9999999999970257,
      0.999999999997473,
      0.9999999999983882,
      0.9999999999977225,
      0.9999999999986259,
      0.9999999999996586,
      1,
      0.9999999999999182,
      0.9999999999998714,
      0.999999999998914,
      0.9999999999990451,
      0.9999999999980381,
      0.9999999999972754,
      0.999999999996466,
      0.9999999999969104,
      0.9999999999949273,
      0.9999999999944875,
      0.9999999999943223,
      0.9999999999947994,
      0.9999999999966444,
      0.9999999999974544,
      0.9999999999984747,
      0.9999999999990948,
      0.999999999998755,
      0.9999999999986259
    ],
    [
      0.9999999999962887,
      0.9999999999936169,
      0.9999999999914786,
      0.9999999999941555,
      0.9999999999953727,
      0.9999999999938817,
      0.9999999999953292,
      0.9999999999962661,
      0.9999999999968291,
      0.9999999999979934,
      0.9999999999970988,
      0.9999999999982028,
      0.9999999999996483,
      0.9999999999999182,
      0.9999999999999999,
      0.9999999999997123,
      0.9999999999985465,
      0.9999999999987158,
      0.999999999997369,
      0.999999999996447,
      0.999999999995494,
      0.9999999999959563,
      0.9999999999937245,
      0.9999999999932363,
      0.999999999993051,
      0.9999999999935923,
      0.9999999999957103,
      0.9999999999967167,
      0.9999999999979767,
      0.999999999998923,
      0.9999999999989404,
      0.9999999999990193
    ],
    [
      0.9999999999978331,
      0.9999999999957747,
      0.9999999999942013,
      0.9999999999963766,
      0.9999999999973838,
      0.9999999999962221,
      0.9999999999973525,
      0.9999999999980489,
      0.9999999999984396,
      0.9999999999991683,
      0.9999999999986298,
      0.9999999999993286,
      0.9999999999998752,
      0.9999999999998714,
      0.9999999999997123,
      1.0000000000000002,
      0.9999999999995276,
      0.9999999999996152,
      0.9999999999988195,
      0.9999999999981699,
      0.9999999999974575,
      0.9999999999977736,
      0.9999999999960641,
      0.9999999999956763,
      0.9999999999955268,
      0.9999999999959672,
      0.9999999999976255,
      0.999999999998372,
      0.9999999999992053,
      0.9999999999996322,
      0.9999999999991733,
      0.9999999999988222
    ],
    [
      0.9999999999984654,
      0.999999999997057,
      0.9999999999962979,
      0.9999999999979566,
      0.999999999998909,
      0.9999999999980739,
      0.9999999999989015,
      0.999999999999415,
      0.9999999999996543,
      0.9999999999999444,
      0.9999999999997314,
      0.9999999999999817,
      0.9999999999994917,
      0.999999999998914,
      0.9999999999985465,
      0.9999999999995276,
      1,
      0.9999999999999941,
      0.9999999999997206,
      0.9999999999993411,
      0.9999999999988625,
      0.9999999999989463,
      0.9999999999978277,
      0.9999999999975532,
      0.9999999999974399,
      0.9999999999977868,
      0.9999999999989952,
      0.9999999999995426,
      0.9999999999999408,
      0.9999999999998825,
      0.9999999999990552,
      0.9999999999982212
    ],
    [
      0.9999999999983542,
      0.9999999999968537,
      0.9999999999960206,
      0.999999999997755,
      0.9999999999987473,
      0.9999999999978617,
      0.9999999999987386,
      0.9999999999992913,
      0.9999999999995579,
      0.9999999999999145,
      0.9999999999996456,
      0.9999999999999555,
      0.9999999999995957,
      0.9999999999990451,
      0.9999999999987158,
      0.9999999999996152,
      0.9999999999999941,
      1.0000000000000002,
      0.9999999999996411,
      0.99999999999922,
      0.9999999999987045,
      0.999999999998806,
      0.9999999999976114,
      0.999999999997322,
      0.9999999999972035,
      0.9999999999975662,
      0.9999999999988453,
      0.9999999999994352,
      0.999999999999898,
      0.9999999999999207,
      0.999999999999171,
      0.9999999999984004
    ],
    [
      0.9999999999993118,
      0.9999999999985207,
      0.9999999999980523,
      0.9999999999991881,
      0.9999999999997138,
      0.9999999999992389,
      0.9999999999997055,
      0.9999999999998849,
      0.9999999999999101,
      0.9999999999997331,
      0.9999999999999447,
      0.9999999999998119,
      0.9999999999985271,
      0.9999999999980381,
      0.999999999997369,
      0.9999999999988195,
      0.9999999999997206,
      0.9999999999996411,
      1.0000000000000002,
      0.9999999999999193,
      0.9999999999997089,
      0.9999999999997456,
      0.9999999999991042,
      0.9999999999989226,
      0.9999999999988468,
      0.9999999999990744,
      0.9999999999997726,
      0.9999999999999611,
      0.9999999999999087,
      0.9999999999992444,
      0.999999999997763,
      0.9999999999965313
    ],
    [
      0.9999999999994856,
      0.9999999999990363,
      0.9999999999987624,
      0.9999999999996114,
      0.9999999999999277,
      0.9999999999996486,
      0.9999999999999203,
      0.999999999999927,
      0.9999999999998385,
      0.999999999999407,
      0.999999999999845,
      0.9999999999994975,
      0.99999999999776,
      0.9999999999972754,
      0.999999999996447,
      0.9999999999981699,
      0.9999999999993411,
      0.99999999999922,
      0.9999999999999193,
      1.0000000000000002,
      0.9999999999999348,
      0.9999999999999333,
      0.9999999999995614,
      0.9999999999994322,
      0.9999999999993768,
      0.9999999999995408,
      0.9999999999999627,
      0.999999999999965,
      0.9999999999996663,
      0.9999999999986771,
      0.9999999999968557,
      0.9999999999954
    ],
    [
      0.9999999999995149,
      0.9999999999993702,
      0.9999999999992627,
      0.9999999999998553,
      0.9999999999999796,
      0.9999999999998758,
      0.9999999999999729,
      0.9999999999998224,
      0.9999999999996323,
      0.9999999999989729,
      0.9999999999996145,
      0.9999999999990761,
      0.9999999999969378,
      0.999999999996466,
      0.999999999995494,
      0.9999999999974575,
      0.9999999999988625,
      0.9999999999987045,
      0.9999999999997089,
      0.9999999999999348,
      0.9999999999999999,
      0.9999999999999666,
      0.9999999999998339,
      0.9999999999997513,
      0.9999999999997141,
      0.999999999999821,
      0.9999999999999952,
      0.9999999999998288,
      0.99999999999931,
      0.999999999998029,
      0.9999999999959,
      0.9999999999942452
    ],
    [
      0.9999999999997282,
      0.9999999999994753,
      0.9999999999991546,
      0.9999999999998284,
      0.9999999999999012,
      0.9999999999997513,
      0.9999999999998871,
      0.9999999999997417,
      0.9999999999995651,
      0.9999999999989705,
      0.9999999999995766,
      0.9999999999991197,
      0.9999999999971845,
      0.9999999999969104,
      0.9999999999959563,
      0.9999999999977736,
      0.9999999999989463,
      0.999999999998806,
      0.9999999999997456,
      0.9999999999999333,
      0.9999999999999666,
      1.0000000000000002,
      0.9999999999997554,
      0.9999999999996515,
      0.9999999999996088,
      0.9999999999997264,
      0.9999999999999624,
      0.9999999999998018,
      0.9999999999993493,
      0.9999999999981259,
      0.9999999999960095,
      0.9999999999944447
    ],
    [
      0.9999999999993127,
      0.9999999999996513,
      0.9999999999997947,
      0.99999999999998,
      0.9999999999997887,
      0.9999999999999645,
      0.9999999999997826,
      0.9999999999993792,
      0.9999999999990244,
      0.9999999999980024,
      0.9999999999989705,
      0.9999999999981302,
      0.9999999999953607,
      0.9999999999949273,
      0.9999999999937245,
      0.9999999999960641,
      0.9999999999978277,
      0.9999999999976114,
      0.9999999999991042,
      0.9999999999995614,
      0.9999999999998339,
      0.9999999999997554,
      1.0000000000000002,
      0.9999999999999909,
      0.9999999999999828,
      0.999999999999998,
      0.9999999999997773,
      0.9999999999993385,
      0.9999999999984688,
      0.9999999999967207,
      0.9999999999940951,
      0.9999999999921261
    ],
    [
      0.9999999999991775,
      0.9999999999996306,
      0.9999999999998627,
      0.9999999999999533,
      0.9999999999997095,
      0.9999999999999485,
      0.9999999999997048,
      0.9999999999992508,
      0.9999999999988616,
      0.9999999999977564,
      0.999999999998795,
      0.9999999999978805,
      0.9999999999949497,
      0.9999999999944875,
      0.9999999999932363,
      0.9999999999956763,
      0.9999999999975532,
      0.999999999997322,
      0.9999999999989226,
      0.9999999999994322,
      0.9999999999997513,
      0.9999999999996515,
      0.9999999999999909,
      0.9999999999999999,
      0.9999999999999986,
      0.999999999999994,
      0.9999999999996844,
      0.9999999999991911,
      0.9999999999982405,
      0.9999999999963903,
      0.9999999999936651,
      0.999999999991618
    ],
    [
      0.9999999999991308,
      0.9999999999996272,
      0.9999999999998862,
      0.9999999999999404,
      0.9999999999996714,
      0.999999999999935,
      0.999999999999667,
      0.9999999999991918,
      0.9999999999987883,
      0.9999999999976505,
      0.9999999999987178,
      0.9999999999977758,
      0.9999999999947867,
      0.9999999999943223,
      0.999999999993051,
      0.9999999999955268,
      0.9999999999974399,
      0.9999999999972035,
      0.9999999999988468,
      0.9999999999993768,
      0.9999999999997141,
      0.9999999999996088,
      0.9999999999999828,
      0.9999999999999986,
      1,
      0.999999999999987,
      0.9999999999996427,
      0.9999999999991265,
      0.9999999999981445,
      0.9999999999962538,
      0.9999999999934865,
      0.9999999999914103
    ],
    [
      0.9999999999992406,
      0.9999999999996049,
      0.9999999999997999,
      0.9999999999999658,
      0.9999999999997866,
      0.9999999999999736,
      0.9999999999997825,
      0.9999999999993778,
      0.9999999999990198,
      0.9999999999979821,
      0.9999999999989587,
      0.999999999998099,
      0.9999999999952804,
      0.9999999999947994,
      0.9999999999935923,
      0.9999999999959672,
      0.9999999999977868,
      0.9999999999975662,
      0.9999999999990744,
      0.9999999999995408,
      0.999999999999821,
      0.9999999999997264,
      0.999999999999998,
      0.999999999999994,
      0.999999999999987,
      0.9999999999999999,
      0.9999999999997643,
      0.9999999999993241,
      0.9999999999984386,
      0.9999999999966768,
      0.9999999999940481,
      0.9999999999920574
    ],
    [
      0.9999999999994882,
      0.999999999999272,
      0.9999999999991459,
      0.9999999999998,
      0.9999999999999847,
      0.9999999999998378,
      0.999999999999979,
      0.9999999999998719,
      0.9999999999997083,
      0.9999999999991044,
      0.9999999999996936,
      0.9999999999991981,
      0.9999999999971455,
      0.9999999999966444,
      0.9999999999957103,
      0.9999999999976255,
      0.9999999999989952,
      0.9999999999988453,
      0.9999999999997726,
      0.9999999999999627,
      0.9999999999999952,
      0.9999999999999624,
      0.9999999999997773,
      0.9999999999996844,
      0.9999999999996427,
      0.9999999999997643,
      1,
      0.9999999999998801,
      0.9999999999994142,
      0.9999999999982075,
      0.9999999999961632,
      0.9999999999945521
    ],
    [
      0.9999999999992266,
      0.9999999999986358,
      0.9999999999983962,
      0.9999999999993716,
      0.9999999999998639,
      0.9999999999994917,
      0.9999999999998616,
      0.9999999999999778,
      0.9999999999999531,
      0.9999999999996391,
      0.9999999999999559,
      0.9999999999996869,
      0.9999999999980915,
      0.9999999999974544,
      0.9999999999967167,
      0.999999999998372,
      0.9999999999995426,
      0.9999999999994352,
      0.9999999999999611,
      0.999999999999965,
      0.9999999999998288,
      0.9999999999998018,
      0.9999999999993385,
      0.9999999999991911,
      0.9999999999991265,
      0.9999999999993241,
      0.9999999999998801,
      0.9999999999999999,
      0.9999999999998119,
      0.9999999999989918,
      0.9999999999973834,
      0.999999999996006
    ],
    [
      0.9999999999988203,
      0.9999999999977063,
      0.9999999999971463,
      0.9999999999985599,
      0.9999999999993561,
      0.9999999999986864,
      0.9999999999993513,
      0.9999999999997254,
      0.9999999999998715,
      0.9999999999999456,
      0.9999999999999206,
      0.9999999999999827,
      0.99999999999909,
      0.9999999999984747,
      0.9999999999979767,
      0.9999999999992053,
      0.9999999999999408,
      0.999999999999898,
      0.9999999999999087,
      0.9999999999996663,
      0.99999999999931,
      0.9999999999993493,
      0.9999999999984688,
      0.9999999999982405,
      0.9999999999981445,
      0.9999999999984386,
      0.9999999999994142,
      0.9999999999998119,
      1.0000000000000002,
      0.9999999999996712,
      0.9999999999985701,
      0.9999999999975392
    ],
    [
      0.9999999999975651,
      0.9999999999957755,
      0.9999999999948813,
      0.9999999999968655,
      0.9999999999981153,
      0.9999999999970532,
      0.9999999999981104,
      0.9999999999988444,
      0.9999999999992223,
      0.9999999999998052,
      0.99999999999932,
      0.9999999999998022,
      0.999999999999785,
      0.9999999999990948,
      0.999999999998923,
      0.9999999999996322,
      0.9999999999998825,
      0.9999999999999207,
      0.9999999999992444,
      0.9999999999986771,
      0.999999999998029,
      0.9999999999981259,
      0.9999999999967207,
      0.9999999999963903,
      0.9999999999962538,
      0.9999999999966768,
      0.9999999999982075,
      0.9999999999989918,
      0.9999999999996712,
      1,
      0.9999999999996034,
      0.9999999999990093
    ],
    [
      0.99999999999527,
      0.9999999999927959,
      0.9999999999916896,
      0.9999999999942605,
      0.9999999999960678,
      0.999999999994595,
      0.9999999999960694,
      0.9999999999972091,
      0.9999999999978402,
      0.9999999999989517,
      0.9999999999979706,
      0.9999999999988671,
      0.999999999999687,
      0.999999999998755,
      0.9999999999989404,
      0.9999999999991733,
      0.9999999999990552,
      0.999999999999171,
      0.999999999997763,
      0.9999999999968557,
      0.9999999999959,
      0.9999999999960095,
      0.9999999999940951,
      0.9999999999936651,
      0.9999999999934865,
      0.9999999999940481,
      0.9999999999961632,
      0.9999999999973834,
      0.9999999999985701,
      0.9999999999996034,
      0.9999999999999999,
      0.9999999999998329
    ],
    [
      0.9999999999938379,
      0.9999999999908736,
      0.9999999999893899,
      0.999999999992366,
      0.9999999999943987,
      0.9999999999926549,
      0.9999999999943938,
      0.9999999999957502,
      0.9999999999965297,
      0.9999999999979969,
      0.9999999999967134,
      0.9999999999979273,
      0.999999999999436,
      0.9999999999986259,
      0.9999999999990193,
      0.9999999999988222,
      0.9999999999982212,
      0.9999999999984004,
      0.9999999999965313,
      0.9999999999954,
      0.9999999999942452,
      0.9999999999944447,
      0.9999999999921261,
      0.999999999991618,
      0.9999999999914103,
      0.9999999999920574,
      0.9999999999945521,
      0.999999999996006,
      0.9999999999975392,
      0.9999999999990093,
      0.9999999999998329,
      1.0000000000000002
    ]
  ],
  "layerIndices": [
    0,
    1,
    2,
    3,
    4,
    5,
    6,
    7,
    8,
    9,
    10,
    11,
    12,
    13,
    14,
    15,
    16,
    17,
    18,
    19,
    20,
    21,
    22,
    23,
    24,
    25,
    26,
    27,
    28,
    29,
    30,
    31
  ],
  "clusters": [
    [
      0,
      1,
      2,
      3,
      4,
      5,
      6,
      7,
      8,
      9,
      10,
      11,
      12,
      13,
      14,
      15,
      16,
      17,
      18,
      19,
      20,
      21,
      22,
      23,
      24,
      25,
      26,
      27,
      28,
      29,
      30,
      31
    ]
  ],
  "specialization": {
    "meanDiversity": 2.0139087530240783e-13,
    "maxDiversity": 7.13096248716738e-13,
    "transitionPoints": []
  },
  "patterns": {
    "earlyLayerPattern": "Dense, Distributed (broad activation)",
    "middleLayerPattern": "Dense, Distributed (broad activation)",
    "lateLayerPattern": "Dense, Distributed (broad activation)"
  },
  "mostSimilarPair": {
    "layers": [
      4,
      6
    ],
    "similarity": 0.9999999999999996
  },
  "leastSimilarPair": {
    "layers": [
      2,
      31
    ],
    "similarity": 0.9999999999893899
  }
}